=== Daily doses ===
{{Graph:Chart
| height =
|width=800
| xAxisTitle=Date (YYYY-MM)
| xType = date
| xAxisAngle=-40
| xAxisFormat=%Y-%m
| yGrid= 1
| xGrid= 1
| colors= #72B8B1, #196165, #929292,
| legend=Legend
| y1Title=1st dose
| y2Title=2nd dose
| y3Title= Total
| yAxisTitle = Number of doses
| x=2020-12-14,2020-12-15,2020-12-16,2020-12-17,2020-12-18,2020-12-19,2020-12-20,2020-12-21,2020-12-22,2020-12-23,2020-12-24,2020-12-25,2020-12-26,2020-12-27,2020-12-28,2020-12-29,2020-12-30,2020-12-31,2021-01-01,2021-01-02,2021-01-03,2021-01-04,2021-01-05,2021-01-06,2021-01-07,2021-01-08,2021-01-09,2021-01-10,2021-01-11,2021-01-12,2021-01-13,2021-01-14,2021-01-15,2021-01-16,2021-01-17,2021-01-18,2021-01-19,2021-01-20,2021-01-21,2021-01-22,2021-01-23,2021-01-24,2021-01-25,2021-01-26,2021-01-27,2021-01-28,2021-01-29,2021-01-30,2021-01-31,2021-02-01,2021-02-02,2021-02-03,2021-02-04,2021-02-05,2021-02-06,2021-02-07,2021-02-08,2021-02-09,2021-02-10,2021-02-11,2021-02-12,2021-02-13,2021-02-14,2021-02-15,2021-02-16,2021-02-17,2021-02-18,2021-02-19,2021-02-20,2021-02-21,2021-02-22,2021-02-23,2021-02-24,2021-02-25,2021-02-26,2021-02-27,2021-02-28,2021-03-01,2021-03-02,2021-03-03,2021-03-04,2021-03-05,2021-03-06,2021-03-07,2021-03-08,2021-03-09,2021-03-10,2021-03-11,2021-03-12,2021-03-13,2021-03-14,2021-03-15,2021-03-16,2021-03-17,2021-03-18,2021-03-19,2021-03-20,2021-03-21,2021-03-22,2021-03-23,2021-03-24,2021-03-25,2021-03-26,2021-03-27,2021-03-28,2021-03-29,2021-03-30,2021-03-31,2021-04-01,2021-04-02,2021-04-03,2021-04-04,2021-04-05,2021-04-06,2021-04-07,2021-04-08,2021-04-09,2021-04-10,2021-04-11,2021-04-12,2021-04-13,2021-04-14,2021-04-15,2021-04-16,2021-04-17,2021-04-18,2021-04-19,2021-04-20,2021-04-21,2021-04-22,2021-04-23,2021-04-24,2021-04-25,2021-04-26,2021-04-27,2021-04-28,2021-04-29,2021-04-30,2021-05-01,2021-05-02,2021-05-03,2021-05-04,2021-05-05,2021-05-06,2021-05-07,2021-05-08,2021-05-09,2021-05-10,2021-05-11,2021-05-12,2021-05-13,2021-05-14,2021-05-15,2021-05-16,2021-05-17,2021-05-18,2021-05-19,2021-05-20,2021-05-21,2021-05-22,2021-05-23,2021-05-24,2021-05-25,2021-05-26,2021-05-27,2021-05-28,2021-05-29,2021-05-30,2021-05-31,2021-06-01,2021-06-02,2021-06-03,2021-06-04,2021-06-05,2021-06-06,2021-06-07,2021-06-08,2021-06-09,2021-06-10,2021-06-11,2021-06-12,2021-06-13,2021-06-14,2021-06-15,2021-06-16,2021-06-17,2021-06-18,2021-06-19,2021-06-20,2021-06-21,2021-06-22,2021-06-23,2021-06-24,
|y1=292,1168,948,901,721,720,115,503,2018,3758,3020,0,3125,2279,2515,2357,3064,343,9,629,1537,2763,5963,10719,13742,13377,8772,7053,7336,7972,9120,11809,11148,8423,7119,10620,10358,11461,13754,11911,8473,2071,4495,4086,3753,3341,2249,557,772,399,650,2912,5002,5026,3229,2319,3438,3555,5756,9748,10184,1646,932,2990,1897,2586,11724,18305,14848,9135,11942,10663,9852,14134,17309,13009,6701,18520,17767,18420,19425,20267,15750,15570,16530,18209,19029,29901,34160,34089,28462,30563,30304,27791,40414,42434,28906,21399,26871,33333,41179,55879,54590,46137,39119,43939,43092,41840,49259,47261,41283,22658,40202,42631,46032,67365,72687,59939,55081,58684,68560,68354,74908,70891,57160,39655,46661,52376,83216,85874,80544,61391,40208,41070,44107,60910,54853,52443,42640,34053,39019,47225,68777,91959,78667,69603,59868,53107,66349,81926,98504,88386,85862,70680,59600,61904,77782,94583,81908,80339,63647,41157,46491,72415,87092,84426,78052,63535,48708,49743,66450,75918,74133,70860,53870,37395,38784,32039,41366,37160,35763,22562,22928,18188,18117,19298,15632,11800,6923,6963,7526,8135,4090,
|y2=0,0,0,0,0,0,0,0,0,0,0,0,0,0,0,0,1,0,0,0,0,1,0,2,0,2,1,1,1,3,4,1,6,2,0,8,2,3,13,5,3,2,5,34,16,53,37,49,29,44,96,55,76,64,17,7,40,91,106,142,48,11,8,61,95,76,84,60,20,19,55,90,58,76,55,41,23,32,74,50,37,51,20,8,440,618,737,321,263,26,15,66,50,42,199,43,23,13,52,41,58,74,134,74,42,69,161,178,133,228,135,33,107,1507,2215,3556,2746,1789,723,1068,1828,2500,2577,2718,3312,1381,1988,3056,4497,3766,4074,3158,2000,5176,7099,9708,9551,11613,7805,4524,12952,9995,11823,12470,12322,6651,3189,9293,9226,14381,15425,13542,6127,3315,12826,11450,14298,15068,14910,4984,5185,11367,13764,16276,16494,13707,19558,15550,24211,19458,21003,21522,21490,13899,13702,29910,38096,57923,62529,72499,63669,55939,68551,69055,79986,83315,76178,60348,50564,78074,91156,109716,61467,
|y3=292,1168,948,901,721,720,115,503,2018,3758,3020,0,3125,2279,2515,2357,3065,343,9,629,1537,2764,5963,10721,13742,13379,8773,7054,7337,7975,9124,11810,11154,8425,7119,10628,10360,11464,13767,11916,8476,2073,4500,4120,3769,3394,2286,606,801,443,746,2967,5078,5090,3246,2326,3478,3646,5862,9890,10232,1657,940,3051,1992,2662,11810,18365,14868,9154,11997,10753,9910,14210,17364,13050,6724,18552,17841,18470,19462,20318,15770,15578,16970,18827,19767,30222,34424,34115,28478,30629,30354,27833,40614,42477,28929,21412,26923,33374,41237,55953,54724,46212,39161,44008,43253,42018,49392,47491,41420,22691,40309,44138,48248,70921,75433,61730,55804,59753,70389,70856,77487,73609,60473,41038,48650,55435,87714,89643,84619,64550,42210,46248,51209,70622,64407,64063,50447,38579,51977,57223,80605,104439,90991,76256,63058,62405,75578,96313,113934,101941,91989,73997,72433,73358,92088,109668,96823,85327,68838,52528,60265,88699,103598,98146,97625,79093,72935,69223,87468,97470,95630,84765,67577,67319,76891,89983,103918,109691,99456,78526,91511,87277,98143,102646,91873,72166,57508,85074,98736,117934,65578,
}}
<div style="font-size:80%; line-height:1.2em;">
* Source: [https://www.inspq.qc.ca/sites/default/files/covid/donnees/vaccination.csv CSV file] on the [https://www.inspq.qc.ca/covid-19/donnees/vaccination INSPQ] website.</div>