=== Total doses ===
{{Graph:Chart
| height =
|width=800
| xAxisTitle=Date (YYYY-MM)
| xType = date
| xAxisAngle=-40
| xAxisFormat=%Y-%m
| yGrid= 1
| xGrid= 1
| colors= #72B8B1, #196165, #929292
| legend=Legend
| y1Title=1st dose
| y2Title=2nd dose
| y3Title= Total
| yAxisTitle = Cumulative number of doses
| x=2020-12-14,2020-12-15,2020-12-16,2020-12-17,2020-12-18,2020-12-19,2020-12-20,2020-12-21,2020-12-22,2020-12-23,2020-12-24,2020-12-25,2020-12-26,2020-12-27,2020-12-28,2020-12-29,2020-12-30,2020-12-31,2021-01-01,2021-01-02,2021-01-03,2021-01-04,2021-01-05,2021-01-06,2021-01-07,2021-01-08,2021-01-09,2021-01-10,2021-01-11,2021-01-12,2021-01-13,2021-01-14,2021-01-15,2021-01-16,2021-01-17,2021-01-18,2021-01-19,2021-01-20,2021-01-21,2021-01-22,2021-01-23,2021-01-24,2021-01-25,2021-01-26,2021-01-27,2021-01-28,2021-01-29,2021-01-30,2021-01-31,2021-02-01,2021-02-02,2021-02-03,2021-02-04,2021-02-05,2021-02-06,2021-02-07,2021-02-08,2021-02-09,2021-02-10,2021-02-11,2021-02-12,2021-02-13,2021-02-14,2021-02-15,2021-02-16,2021-02-17,2021-02-18,2021-02-19,2021-02-20,2021-02-21,2021-02-22,2021-02-23,2021-02-24,2021-02-25,2021-02-26,2021-02-27,2021-02-28,2021-03-01,2021-03-02,2021-03-03,2021-03-04,2021-03-05,2021-03-06,2021-03-07,2021-03-08,2021-03-09,2021-03-10,2021-03-11,2021-03-12,2021-03-13,2021-03-14,2021-03-15,2021-03-16,2021-03-17,2021-03-18,2021-03-19,2021-03-20,2021-03-21,2021-03-22,2021-03-23,2021-03-24,2021-03-25,2021-03-26,2021-03-27,2021-03-28,2021-03-29,2021-03-30,2021-03-31,2021-04-01,2021-04-02,2021-04-03,2021-04-04,2021-04-05,2021-04-06,2021-04-07,2021-04-08,2021-04-09,2021-04-10,2021-04-11,2021-04-12,2021-04-13,2021-04-14,2021-04-15,2021-04-16,2021-04-17,2021-04-18,2021-04-19,2021-04-20,2021-04-21,2021-04-22,2021-04-23,2021-04-24,2021-04-25,2021-04-26,2021-04-27,2021-04-28,2021-04-29,2021-04-30,2021-05-01,2021-05-02,2021-05-03,2021-05-04,2021-05-05,2021-05-06,2021-05-07,2021-05-08,2021-05-09,2021-05-10,2021-05-11,2021-05-12,2021-05-13,2021-05-14,2021-05-15,2021-05-16,2021-05-17,2021-05-18,2021-05-19,2021-05-20,2021-05-21,2021-05-22,2021-05-23,2021-05-24,2021-05-25,2021-05-26,2021-05-27,2021-05-28,2021-05-29,2021-05-30,2021-05-31,2021-06-01,2021-06-02,2021-06-03,2021-06-04,2021-06-05,2021-06-06,2021-06-07,2021-06-08,2021-06-09,2021-06-10,2021-06-11,2021-06-12,2021-06-13,2021-06-14,2021-06-15,2021-06-16,2021-06-17,2021-06-18,2021-06-19,2021-06-20,2021-06-21,2021-06-22,2021-06-23,2021-06-24,
|y1=292,1460,2408,3309,4030,4750,4865,5368,7386,11144,14164,14164,17289,19568,22083,24440,27504,27847,27856,28485,30022,32785,38748,49467,63209,76586,85358,92411,99747,107719,116839,128648,139796,148219,155338,165958,176316,187777,201531,213442,221915,223986,228481,232567,236320,239661,241910,242467,243239,243638,244288,247200,252202,257228,260457,262776,266214,269769,275525,285273,295457,297103,298035,301025,302922,305508,317232,335537,350385,359520,371462,382125,391977,406111,423420,436429,443130,461650,479417,497837,517262,537529,553279,568849,585379,603588,622617,652518,686678,720767,749229,779792,810096,837887,878301,920735,949641,971040,997911,1031244,1072423,1128302,1182892,1229029,1268148,1312087,1355179,1397019,1446278,1493539,1534822,1557480,1597682,1640313,1686345,1753710,1826397,1886336,1941417,2000101,2068661,2137015,2211923,2282814,2339974,2379629,2426290,2478666,2561882,2647756,2728300,2789691,2829899,2870969,2915076,2975986,3030839,3083282,3125922,3159975,3198994,3246219,3314996,3406955,3485622,3555225,3615093,3668200,3734549,3816475,3914979,4003365,4089227,4159907,4219507,4281411,4359193,4453776,4535684,4616023,4679670,4720827,4767318,4839733,4926825,5011251,5089303,5152838,5201546,5251289,5317739,5393657,5467790,5538650,5592520,5629915,5668699,5700738,5742104,5779264,5815027,5837589,5860517,5878705,5896822,5916120,5931752,5943552,5950475,5957438,5964964,5973099,5977189,
|y2=0,0,0,0,0,0,0,0,0,0,0,0,0,0,0,0,1,1,1,1,1,2,2,4,4,6,7,8,9,12,16,17,23,25,25,33,35,38,51,56,59,61,66,100,116,169,206,255,284,328,424,479,555,619,636,643,683,774,880,1022,1070,1081,1089,1150,1245,1321,1405,1465,1485,1504,1559,1649,1707,1783,1838,1879,1902,1934,2008,2058,2095,2146,2166,2174,2614,3232,3969,4290,4553,4579,4594,4660,4710,4752,4951,4994,5017,5030,5082,5123,5181,5255,5389,5463,5505,5574,5735,5913,6046,6274,6409,6442,6549,8056,10271,13827,16573,18362,19085,20153,21981,24481,27058,29776,33088,34469,36457,39513,44010,47776,51850,55008,57008,62184,69283,78991,88542,100155,107960,112484,125436,135431,147254,159724,172046,178697,181886,191179,200405,214786,230211,243753,249880,253195,266021,277471,291769,306837,321747,326731,331916,343283,357047,373323,389817,403524,423082,438632,462843,482301,503304,524826,546316,560215,573917,603827,641923,699846,762375,834874,898543,954482,1023033,1092088,1172074,1255389,1331567,1391915,1442479,1520553,1611709,1721425,1782892,
|y3=292,1460,2408,3309,4030,4750,4865,5368,7386,11144,14164,14164,17289,19568,22083,24440,27505,27848,27857,28486,30023,32787,38750,49471,63213,76592,85365,92419,99756,107731,116855,128665,139819,148244,155363,165991,176351,187815,201582,213498,221974,224047,228547,232667,236436,239830,242116,242722,243523,243966,244712,247679,252757,257847,261093,263419,266897,270543,276405,286295,296527,298184,299124,302175,304167,306829,318639,337004,351872,361026,373023,383776,393686,407896,425260,438310,445034,463586,481427,499897,519359,539677,555447,571025,587995,606822,626589,656811,691235,725350,753828,784457,814811,842644,883258,925735,954664,976076,1002999,1036373,1077610,1133563,1188287,1234499,1273660,1317668,1360921,1402939,1452331,1499822,1541242,1563933,1604242,1648380,1696628,1767549,1842982,1904712,1960516,2020269,2090658,2161514,2239001,2312610,2373083,2414121,2462771,2518206,2605920,2695563,2780182,2844732,2886942,2933190,2984399,3055021,3119428,3183491,3233938,3272517,3324494,3381717,3462322,3566761,3657752,3734008,3797066,3859471,3935049,4031362,4145296,4247237,4339226,4413223,4485656,4559014,4651102,4760770,4857593,4942920,5011758,5064286,5124551,5213250,5316848,5414994,5512619,5591712,5664647,5733870,5821338,5918808,6014438,6099203,6166780,6234099,6310990,6400973,6504891,6614582,6714038,6792564,6884075,6971352,7069495,7172141,7264014,7336180,7393688,7478762,7577498,7695432,7761010,
}}
<div style="font-size:80%; line-height:1.2em;">
* Source: [https://www.inspq.qc.ca/sites/default/files/covid/donnees/vaccination.csv CSV file] on the [https://www.inspq.qc.ca/covid-19/donnees/vaccination INSPQ] website.</div>